# Created by Octave 4.0.0, Fri Nov 11 13:39:24 2016 CST <franciscodeaqui@franciscodeaqui-VirtualBox>
# name: B
# type: matrix
# rows: 30
# columns: 1
 0.1200133231514048
 0.08411813826527585
 0.6636428014852109
 0.413698909697114
 0.6707658652910361
 0.7178906146018075
 0.3387773614879183
 0.1509311750468879
 0.7743710157567285
 0.5809099594650924
 0.1776509427457935
 0.8577544798484072
 0.6681484750586719
 0.2522954724562971
 0.1032015879203945
 0.5544677384113424
 0.6735077062626263
 0.6726524450098054
 0.1043038763937934
 0.0232958682200231
 0.09475846429418559
 0.1373137108627261
 0.07565134479084916
 0.09203511055297324
 0.1539500591465565
 0.9957755307561794
 0.6152154481692355
 0.982906899958225
 0.5878847341284987
 0.1681498751085757


